python data_generator.py
====== Step1: Generating data... ======
python cluster.py 
====== Step2: Clustering... ======
Running experiment 1...
A = 
 [[11. 22. 34. 45. 56.]
 [56. 47. 28. 19. 10.]
 [55. 64. 32. 72. 21.]]
sorted A = 
 [[56. 34. 11. 22. 45.]
 [10. 28. 56. 47. 19.]
 [21. 32. 55. 64. 72.]]
Estimated A = 
 [[0.33088235 0.09016393 0.16541353 0.36170213 0.64367816]
 [0.13970588 0.45901639 0.35338346 0.29787234 0.11494253]
 [0.52941176 0.45081967 0.48120301 0.34042553 0.24137931]]
Estimated sorted A = 
 [[0.64367816 0.36170213 0.09016393 0.16541353 0.33088235]
 [0.11494253 0.29787234 0.45901639 0.35338346 0.13970588]
 [0.24137931 0.34042553 0.45081967 0.48120301 0.52941176]]
Normalized sorted A = 
 [[0.64367816 0.36170213 0.09016393 0.16541353 0.33088235]
 [0.11494253 0.29787234 0.45901639 0.35338346 0.13970588]
 [0.24137931 0.34042553 0.45081967 0.48120301 0.52941176]]
Normalized estimated sorted A = 
 [[0.64367816 0.36170213 0.09016393 0.16541353 0.33088235]
 [0.11494253 0.29787234 0.45901639 0.35338346 0.13970588]
 [0.24137931 0.34042553 0.45081967 0.48120301 0.52941176]]
Error rate for A:  2.23675479750991e-16
Error rate:
2.313170770027676e-14
1.519519206884506e-14
1.4231048712775603e-14
6.698946807485417e-16
6.354345458737404e-16

Running experiment 2...
A = 
 [[5100.   22.   34.   45.   56.]
 [5600.   47.   28.   19.   10.]
 [5500.   64.   32.   72.   21.]]
sorted A = 
 [[  56. 5100.   34.   22.   45.]
 [  10. 5600.   28.   47.   19.]
 [  21. 5500.   32.   64.   72.]]
Estimated A = 
 [[0.33088235 0.31481481 0.64367816 0.16541353 0.36170213]
 [0.13970588 0.34567901 0.11494253 0.35338346 0.29787234]
 [0.52941176 0.33950617 0.24137931 0.48120301 0.34042553]]
Estimated sorted A = 
 [[0.64367816 0.31481481 0.36170213 0.16541353 0.33088235]
 [0.11494253 0.34567901 0.29787234 0.35338346 0.13970588]
 [0.24137931 0.33950617 0.34042553 0.48120301 0.52941176]]
Normalized sorted A = 
 [[0.64367816 0.31481481 0.36170213 0.16541353 0.33088235]
 [0.11494253 0.34567901 0.29787234 0.35338346 0.13970588]
 [0.24137931 0.33950617 0.34042553 0.48120301 0.52941176]]
Normalized estimated sorted A = 
 [[0.64367816 0.31481481 0.36170213 0.16541353 0.33088235]
 [0.11494253 0.34567901 0.29787234 0.35338346 0.13970588]
 [0.24137931 0.33950617 0.34042553 0.48120301 0.52941176]]
Error rate for A:  2.2165793289494628e-16
Error rate:
0.206996188722993
0.003670916081145818
1.3464901677846006
0.11119743107138107
5.554358127736634e-16

Running experiment 3...
A = 
 [[100.  22.  34.  45.  56.]
 [ 56.  47.  28.  19.  10.]
 [ 55.  64.  32.  72.  21.]]
sorted A = 
 [[ 56. 100.  34.  22.  45.]
 [ 10.  56.  28.  47.  19.]
 [ 21.  55.  32.  64.  72.]]
Estimated A = 
 [[0.33088235 0.47393365 0.36170213 0.16541353 0.64367816]
 [0.13970588 0.26540284 0.29787234 0.35338346 0.11494253]
 [0.52941176 0.26066351 0.34042553 0.48120301 0.24137931]]
Estimated sorted A = 
 [[0.64367816 0.47393365 0.36170213 0.16541353 0.33088235]
 [0.11494253 0.26540284 0.29787234 0.35338346 0.13970588]
 [0.24137931 0.26066351 0.34042553 0.48120301 0.52941176]]
Normalized sorted A = 
 [[0.64367816 0.47393365 0.36170213 0.16541353 0.33088235]
 [0.11494253 0.26540284 0.29787234 0.35338346 0.13970588]
 [0.24137931 0.26066351 0.34042553 0.48120301 0.52941176]]
Normalized estimated sorted A = 
 [[0.64367816 0.47393365 0.36170213 0.16541353 0.33088235]
 [0.11494253 0.26540284 0.29787234 0.35338346 0.13970588]
 [0.24137931 0.26066351 0.34042553 0.48120301 0.52941176]]
Error rate for A:  1.7654571957366896e-16
Error rate:
4.3520419835532903e-16
9.30837514255537e-14
3.128895159149153e-14
6.465816193494287e-14
6.312188991755043e-16

