python data_generator.py
====== Step1: Generating data... ======
python cluster.py 
====== Step2: Clustering... ======
Running experiment 1...
A = 
 [[11. 22. 34. 45. 56.]
 [56. 47. 28. 19. 10.]
 [55. 64. 32. 72. 21.]]
sorted A = 
 [[56. 34. 11. 22. 45.]
 [10. 28. 56. 47. 19.]
 [21. 32. 55. 64. 72.]]
Estimated A = 
 [[0.33088235 0.16541353 0.64367816 0.36170213 0.09016393]
 [0.13970588 0.35338346 0.11494253 0.29787234 0.45901639]
 [0.52941176 0.48120301 0.24137931 0.34042553 0.45081967]]
Estimated sorted A = 
 [[0.64367816 0.36170213 0.09016393 0.16541353 0.33088235]
 [0.11494253 0.29787234 0.45901639 0.35338346 0.13970588]
 [0.24137931 0.34042553 0.45081967 0.48120301 0.52941176]]
Normalized sorted A = 
 [[0.64367816 0.36170213 0.09016393 0.16541353 0.33088235]
 [0.11494253 0.29787234 0.45901639 0.35338346 0.13970588]
 [0.24137931 0.34042553 0.45081967 0.48120301 0.52941176]]
Normalized estimated sorted A = 
 [[0.64367816 0.36170213 0.09016393 0.16541353 0.33088235]
 [0.11494253 0.29787234 0.45901639 0.35338346 0.13970588]
 [0.24137931 0.34042553 0.45081967 0.48120301 0.52941176]]
Error rate for A:  2.5228885956984723e-16
Error rate:
1.338231736610847e-14
3.091917127006337e-14
1.3348269859803151e-14
3.7645200007061564e-16
6.014834558605672e-16

Running experiment 2...
A = 
 [[5100.   22.   34.   45.   56.]
 [5600.   47.   28.   19.   10.]
 [5500.   64.   32.   72.   21.]]
sorted A = 
 [[  56. 5100.   34.   22.   45.]
 [  10. 5600.   28.   47.   19.]
 [  21. 5500.   32.   64.   72.]]
Estimated A = 
 [[0.64367816 0.36170213 0.16541353 0.33088235 0.31481481]
 [0.11494253 0.29787234 0.35338346 0.13970588 0.34567901]
 [0.24137931 0.34042553 0.48120301 0.52941176 0.33950617]]
Estimated sorted A = 
 [[0.64367816 0.31481481 0.36170213 0.16541353 0.33088235]
 [0.11494253 0.34567901 0.29787234 0.35338346 0.13970588]
 [0.24137931 0.33950617 0.34042553 0.48120301 0.52941176]]
Normalized sorted A = 
 [[0.64367816 0.31481481 0.36170213 0.16541353 0.33088235]
 [0.11494253 0.34567901 0.29787234 0.35338346 0.13970588]
 [0.24137931 0.33950617 0.34042553 0.48120301 0.52941176]]
Normalized estimated sorted A = 
 [[0.64367816 0.31481481 0.36170213 0.16541353 0.33088235]
 [0.11494253 0.34567901 0.29787234 0.35338346 0.13970588]
 [0.24137931 0.33950617 0.34042553 0.48120301 0.52941176]]
Error rate for A:  1.9910275561730774e-16
Error rate:
0.24772543545922107
0.006726837441639736
1.468381850729123
0.15936709349187086
5.852728472756048e-16

Running experiment 3...
A = 
 [[11. 22. 34. 45. 56.]
 [56. 47. 28. 19. 10.]
 [55. 64. 32. 72. 21.]]
sorted A = 
 [[56. 34. 11. 22. 45.]
 [10. 28. 56. 47. 19.]
 [21. 32. 55. 64. 72.]]
Estimated A = 
 [[0.24419688 0.32307546 0.37185997 0.32976212 0.29094788]
 [0.32566172 0.24989554 0.22420494 0.28763198 0.27799753]
 [0.4301414  0.42702901 0.4039351  0.38260589 0.43105459]]
Estimated sorted A = 
 [[0.32976212 0.37185997 0.32307546 0.24419688 0.29094788]
 [0.28763198 0.22420494 0.24989554 0.32566172 0.27799753]
 [0.38260589 0.4039351  0.42702901 0.4301414  0.43105459]]
Normalized sorted A = 
 [[0.64367816 0.36170213 0.09016393 0.16541353 0.33088235]
 [0.11494253 0.29787234 0.45901639 0.35338346 0.13970588]
 [0.24137931 0.34042553 0.45081967 0.48120301 0.52941176]]
Normalized estimated sorted A = 
 [[0.32976212 0.37185997 0.32307546 0.24419688 0.29094788]
 [0.28763198 0.22420494 0.24989554 0.32566172 0.27799753]
 [0.38260589 0.4039351  0.42702901 0.4301414  0.43105459]]
Error rate for A:  0.3815096930031112
Error rate:
1.5543679246039666
1.3123669158549345
1.6403205456762253
0.8375279784476823
1.5942443063134504

