python data_generator.py
====== Step1: Generating data... ======
python cluster.py 
====== Step2: Clustering... ======
Running experiment 4...
8
A = 
 [[11. 22. 34. 45. 56. 20. 34. 56.]
 [56. 47. 28. 19. 10. 34. 54. 65.]
 [55. 64. 32. 72. 21. 23. 43. 43.]
 [34. 56. 75. 23. 45. 46. 65. 65.]
 [45. 67. 87. 45. 67. 34. 34. 12.]]
sorted A = 
 [[56. 20. 34. 45. 11. 56. 22. 34.]
 [65. 34. 54. 19. 56. 10. 47. 28.]
 [43. 23. 43. 72. 55. 21. 64. 32.]
 [65. 46. 65. 23. 34. 45. 56. 75.]
 [12. 34. 34. 45. 45. 67. 67. 87.]]
Estimated A = 
 [[0.0859375  0.05472637 0.12738854 0.1328125  0.28140704 0.14782609
  0.23236515 0.22058824]
 [0.18359375 0.27860697 0.21656051 0.109375   0.05025126 0.23478261
  0.26970954 0.09313725]
 [0.25       0.27363184 0.14649682 0.125      0.10552764 0.18695652
  0.17842324 0.35294118]
 [0.21875    0.16915423 0.29299363 0.29296875 0.22613065 0.2826087
  0.26970954 0.1127451 ]
 [0.26171875 0.2238806  0.21656051 0.33984375 0.33668342 0.14782609
  0.04979253 0.22058824]]
Estimated sorted A = 
 [[0.23236515 0.14782609 0.12738854 0.22058824 0.05472637 0.0859375
  0.28140704 0.1328125 ]
 [0.26970954 0.23478261 0.21656051 0.09313725 0.27860697 0.18359375
  0.05025126 0.109375  ]
 [0.17842324 0.18695652 0.14649682 0.35294118 0.27363184 0.25
  0.10552764 0.125     ]
 [0.26970954 0.2826087  0.29299363 0.1127451  0.16915423 0.21875
  0.22613065 0.29296875]
 [0.04979253 0.14782609 0.21656051 0.22058824 0.2238806  0.26171875
  0.33668342 0.33984375]]
Normalized sorted A = 
 [[0.08986553 0.03209483 0.05456122 0.07221337 0.01765216 0.08986553
  0.03530432 0.05456122]
 [0.10430821 0.05456122 0.08665605 0.03049009 0.08986553 0.01604742
  0.07542286 0.04493277]
 [0.06900389 0.03690906 0.06900389 0.1155414  0.08826079 0.03369957
  0.10270346 0.05135173]
 [0.10430821 0.07381812 0.10430821 0.03690906 0.05456122 0.07221337
  0.08986553 0.12035562]
 [0.0192569  0.05456122 0.05456122 0.07221337 0.07221337 0.10751769
  0.10751769 0.13961252]]
Normalized estimated sorted A = 
 [[0.08215348 0.05226441 0.04503865 0.07798972 0.01934869 0.03038349
  0.09949241 0.04695631]
 [0.09535672 0.08300819 0.0765657  0.03292899 0.09850244 0.06491019
  0.0177665  0.0386699 ]
 [0.06308214 0.06609911 0.05179445 0.12478355 0.09674347 0.08838835
  0.03730965 0.04419417]
 [0.09535672 0.09991726 0.10358889 0.03986141 0.05980505 0.0773398
  0.07994926 0.10358009]
 [0.01760432 0.05226441 0.0765657  0.07798972 0.07915374 0.09253155
  0.11903556 0.12015291]]
Error rate for A:  0.33579759151557553
Error rate:
2.5195980420172157e-15
1.258903042364492
1.6461708650216345
1.2158688100477758e-15
5.66576915685278e-16
1.4939667359314472
1.346005229872697
9.197291036466857e-16

Running experiment 5...
8
A = 
 [[11. 22. 34. 45. 56. 20. 34. 56.]
 [56. 47. 28. 19. 10. 34. 54. 65.]
 [55. 64. 32. 72. 21. 23. 43. 43.]
 [34. 56. 75. 23. 45. 46. 65. 65.]
 [45. 67. 87. 45. 67. 34. 34. 12.]
 [32. 43. 24. 43. 24. 45. 12. 23.]]
sorted A = 
 [[34. 56. 56. 34. 11. 45. 22. 20.]
 [54. 65. 10. 28. 56. 19. 47. 34.]
 [43. 43. 21. 32. 55. 72. 64. 23.]
 [65. 65. 45. 75. 34. 23. 56. 46.]
 [34. 12. 67. 87. 45. 45. 67. 34.]
 [12. 23. 24. 24. 32. 43. 43. 45.]]
Estimated A = 
 [[0.0990099  0.14049587 0.21212121 0.0735786  0.0472103  0.18218623
  0.12142857 0.25112108]
 [0.16831683 0.2231405  0.24621212 0.15719064 0.24034335 0.07692308
  0.1        0.04484305]
 [0.11386139 0.17768595 0.16287879 0.21404682 0.2360515  0.29149798
  0.11428571 0.0941704 ]
 [0.22772277 0.26859504 0.24621212 0.18729097 0.14592275 0.09311741
  0.26785714 0.20179372]
 [0.16831683 0.14049587 0.04545455 0.22408027 0.19313305 0.18218623
  0.31071429 0.30044843]
 [0.22277228 0.04958678 0.08712121 0.14381271 0.13733906 0.17408907
  0.08571429 0.10762332]]
Estimated sorted A = 
 [[0.14049587 0.12142857 0.21212121 0.25112108 0.0472103  0.0735786
  0.18218623 0.0990099 ]
 [0.2231405  0.1        0.24621212 0.04484305 0.24034335 0.15719064
  0.07692308 0.16831683]
 [0.17768595 0.11428571 0.16287879 0.0941704  0.2360515  0.21404682
  0.29149798 0.11386139]
 [0.26859504 0.26785714 0.24621212 0.20179372 0.14592275 0.18729097
  0.09311741 0.22772277]
 [0.14049587 0.31071429 0.04545455 0.30044843 0.19313305 0.22408027
  0.18218623 0.16831683]
 [0.04958678 0.08571429 0.08712121 0.10762332 0.13733906 0.14381271
  0.17408907 0.22277228]]
Normalized sorted A = 
 [[0.04799254 0.07904654 0.07904654 0.04799254 0.015527   0.06351954
  0.031054   0.02823091]
 [0.07622345 0.09175045 0.01411545 0.03952327 0.07904654 0.02681936
  0.06634264 0.04799254]
 [0.06069645 0.06069645 0.02964245 0.04516945 0.077635   0.10163127
  0.09033891 0.03246555]
 [0.09175045 0.09175045 0.06351954 0.10586591 0.04799254 0.03246555
  0.07904654 0.06493109]
 [0.04799254 0.01693855 0.09457354 0.12280445 0.06351954 0.06351954
  0.09457354 0.04799254]
 [0.01693855 0.03246555 0.03387709 0.03387709 0.04516945 0.06069645
  0.06069645 0.06351954]]
Normalized estimated sorted A = 
 [[0.04967279 0.04293148 0.07499617 0.08878471 0.01669136 0.02601396
  0.06441256 0.03500529]
 [0.07889208 0.03535534 0.08704913 0.01585441 0.08497421 0.05557528
  0.02719641 0.05950899]
 [0.06282147 0.0404061  0.05758635 0.03329427 0.08345681 0.07567698
  0.1030601  0.04025608]
 [0.09496269 0.0947018  0.08704913 0.07134485 0.05159148 0.06621736
  0.03292198 0.08051216]
 [0.04967279 0.10985409 0.01607061 0.10622456 0.06828284 0.07922434
  0.06441256 0.05950899]
 [0.01753157 0.03030458 0.030802   0.03805059 0.04855669 0.05084547
  0.06154978 0.07876189]]
Error rate for A:  0.45810250310309014
Error rate:
1.7053336755606338e-14
1.5461312930248066
1.5346858863878556
1.2371900156211337
1.4562422197664427e-15
1.5095101203426449
1.3349504495671463
4.21294759136909e-15

Running experiment 6...
8
A = 
 [[11. 22. 34. 45. 56. 20. 34. 56.]
 [56. 47. 28. 19. 10. 34. 54. 65.]
 [55. 64. 32. 72. 21. 23. 43. 43.]
 [34. 56. 75. 23. 45. 46. 65. 65.]
 [45. 67. 87. 45. 67. 34. 34. 12.]
 [32. 43. 24. 43. 24. 45. 12. 23.]]
sorted A = 
 [[34. 56. 56. 34. 11. 45. 22. 20.]
 [54. 65. 10. 28. 56. 19. 47. 34.]
 [43. 43. 21. 32. 55. 72. 64. 23.]
 [65. 65. 45. 75. 34. 23. 56. 46.]
 [34. 12. 67. 87. 45. 45. 67. 34.]
 [12. 23. 24. 24. 32. 43. 43. 45.]]
Estimated A = 
 [[0.12142857 0.0735786  0.0990099  0.0472103  0.18218623 0.21212121
  0.14049587 0.25112108]
 [0.1        0.15719064 0.16831683 0.24034335 0.07692308 0.24621212
  0.2231405  0.04484305]
 [0.11428571 0.21404682 0.11386139 0.2360515  0.29149798 0.16287879
  0.17768595 0.0941704 ]
 [0.26785714 0.18729097 0.22772277 0.14592275 0.09311741 0.24621212
  0.26859504 0.20179372]
 [0.31071429 0.22408027 0.16831683 0.19313305 0.18218623 0.04545455
  0.14049587 0.30044843]
 [0.08571429 0.14381271 0.22277228 0.13733906 0.17408907 0.08712121
  0.04958678 0.10762332]]
Estimated sorted A = 
 [[0.14049587 0.12142857 0.21212121 0.25112108 0.0472103  0.0735786
  0.18218623 0.0990099 ]
 [0.2231405  0.1        0.24621212 0.04484305 0.24034335 0.15719064
  0.07692308 0.16831683]
 [0.17768595 0.11428571 0.16287879 0.0941704  0.2360515  0.21404682
  0.29149798 0.11386139]
 [0.26859504 0.26785714 0.24621212 0.20179372 0.14592275 0.18729097
  0.09311741 0.22772277]
 [0.14049587 0.31071429 0.04545455 0.30044843 0.19313305 0.22408027
  0.18218623 0.16831683]
 [0.04958678 0.08571429 0.08712121 0.10762332 0.13733906 0.14381271
  0.17408907 0.22277228]]
Normalized sorted A = 
 [[0.04799254 0.07904654 0.07904654 0.04799254 0.015527   0.06351954
  0.031054   0.02823091]
 [0.07622345 0.09175045 0.01411545 0.03952327 0.07904654 0.02681936
  0.06634264 0.04799254]
 [0.06069645 0.06069645 0.02964245 0.04516945 0.077635   0.10163127
  0.09033891 0.03246555]
 [0.09175045 0.09175045 0.06351954 0.10586591 0.04799254 0.03246555
  0.07904654 0.06493109]
 [0.04799254 0.01693855 0.09457354 0.12280445 0.06351954 0.06351954
  0.09457354 0.04799254]
 [0.01693855 0.03246555 0.03387709 0.03387709 0.04516945 0.06069645
  0.06069645 0.06351954]]
Normalized estimated sorted A = 
 [[0.04967279 0.04293148 0.07499617 0.08878471 0.01669136 0.02601396
  0.06441256 0.03500529]
 [0.07889208 0.03535534 0.08704913 0.01585441 0.08497421 0.05557528
  0.02719641 0.05950899]
 [0.06282147 0.0404061  0.05758635 0.03329427 0.08345681 0.07567698
  0.1030601  0.04025608]
 [0.09496269 0.0947018  0.08704913 0.07134485 0.05159148 0.06621736
  0.03292198 0.08051216]
 [0.04967279 0.10985409 0.01607061 0.10622456 0.06828284 0.07922434
  0.06441256 0.05950899]
 [0.01753157 0.03030458 0.030802   0.03805059 0.04855669 0.05084547
  0.06154978 0.07876189]]
Error rate for A:  0.45810250310309186
Error rate:
6.735846827297657e-13
1.4141434233683654
1.4140810571985774
1.4144162739678972
1.5220438654715443e-13
1.4232151352810947
1.4053806568543539
6.452940366958347e-14

Running experiment 7...
10
A = 
 [[ 11.  22.  34.  45.  56.  20.  34.  56.  24.  65.]
 [ 56.  47.  28.  19.  10.  34.  54.  65.  87.  24.]
 [ 55.  64.  32.  72.  21.  23.  43.  43.  23.  43.]
 [ 34.  56.  75.  23.  45.  46.  65.  65.  23.  24.]
 [ 45.  67.  87.  45.  67.  34.  34.  12.  35.  13.]
 [ 53.  23.  35.  34.  23.  64.  44.  64.  33.  42.]
 [454. 645.  47.  46.  47.  34.  45.  90.  35.  23.]
 [452. 675.  82.  42.  64.  34.  43.  54.  22.  53.]]
sorted A = 
 [[ 24.  20.  45.  34.  65.  56.  56.  34.  11.  22.]
 [ 87.  34.  19.  54.  24.  65.  10.  28.  56.  47.]
 [ 23.  23.  72.  43.  43.  43.  21.  32.  55.  64.]
 [ 23.  46.  23.  65.  24.  65.  45.  75.  34.  56.]
 [ 35.  34.  45.  34.  13.  12.  67.  87.  45.  67.]
 [ 33.  64.  34.  44.  42.  64.  23.  35.  53.  23.]
 [ 35.  34.  46.  45.  23.  90.  47.  47. 454. 645.]
 [ 22.  34.  42.  43.  53.  54.  64.  82. 452. 675.]]
Estimated A = 
 [[0.08095238 0.1247216  0.00948276 0.22648084 0.09392265 0.08510638
  0.16816817 0.06920415 0.0137586  0.13803681]
 [0.06666667 0.14476615 0.04827586 0.08362369 0.14917127 0.30851064
  0.03003003 0.11764706 0.02939337 0.05828221]
 [0.07619048 0.09576837 0.04741379 0.14982578 0.11878453 0.08156028
  0.06306306 0.07958478 0.04002502 0.2208589 ]
 [0.17857143 0.14476615 0.02931034 0.08362369 0.17955801 0.08156028
  0.13513514 0.15916955 0.03502189 0.07055215]
 [0.20714286 0.02672606 0.0387931  0.04529617 0.09392265 0.12411348
  0.2012012  0.11764706 0.04190119 0.13803681]
 [0.08333333 0.14253898 0.04568966 0.14634146 0.12154696 0.11702128
  0.06906907 0.22145329 0.01438399 0.10429448]
 [0.11190476 0.20044543 0.39137931 0.08013937 0.12430939 0.12411348
  0.14114114 0.11764706 0.40337711 0.14110429]
 [0.1952381  0.12026726 0.38965517 0.18466899 0.11878453 0.07801418
  0.19219219 0.11764706 0.42213884 0.12883436]]
Estimated sorted A = 
 [[0.08510638 0.06920415 0.09392265 0.1247216  0.13803681 0.22648084
  0.16816817 0.08095238 0.00948276 0.0137586 ]
 [0.30851064 0.11764706 0.14917127 0.14476615 0.05828221 0.08362369
  0.03003003 0.06666667 0.04827586 0.02939337]
 [0.08156028 0.07958478 0.11878453 0.09576837 0.2208589  0.14982578
  0.06306306 0.07619048 0.04741379 0.04002502]
 [0.08156028 0.15916955 0.17955801 0.14476615 0.07055215 0.08362369
  0.13513514 0.17857143 0.02931034 0.03502189]
 [0.12411348 0.11764706 0.09392265 0.02672606 0.13803681 0.04529617
  0.2012012  0.20714286 0.0387931  0.04190119]
 [0.11702128 0.22145329 0.12154696 0.14253898 0.10429448 0.14634146
  0.06906907 0.08333333 0.04568966 0.01438399]
 [0.12411348 0.11764706 0.12430939 0.20044543 0.14110429 0.08013937
  0.14114114 0.11190476 0.39137931 0.40337711]
 [0.07801418 0.11764706 0.11878453 0.12026726 0.12883436 0.18466899
  0.19219219 0.1952381  0.38965517 0.42213884]]
Normalized sorted A = 
 [[0.01087095 0.00905912 0.02038303 0.01540051 0.02944215 0.02536554
  0.02536554 0.01540051 0.00498252 0.00996503]
 [0.03940718 0.01540051 0.00860617 0.02445963 0.01087095 0.02944215
  0.00452956 0.01268277 0.02536554 0.02128894]
 [0.01041799 0.01041799 0.03261284 0.01947711 0.01947711 0.01947711
  0.00951208 0.0144946  0.02491259 0.02898919]
 [0.01041799 0.02083598 0.01041799 0.02944215 0.01087095 0.02944215
  0.02038303 0.03397171 0.01540051 0.02536554]
 [0.01585346 0.01540051 0.02038303 0.01540051 0.00588843 0.00543547
  0.03034806 0.03940718 0.02038303 0.03034806]
 [0.01494755 0.02898919 0.01540051 0.01993007 0.01902416 0.02898919
  0.01041799 0.01585346 0.02400667 0.01041799]
 [0.01585346 0.01540051 0.02083598 0.02038303 0.01041799 0.04076605
  0.02128894 0.02128894 0.20564207 0.29215669]
 [0.00996503 0.01540051 0.01902416 0.01947711 0.02400667 0.02445963
  0.02898919 0.0371424  0.20473616 0.30574538]]
Normalized estimated sorted A = 
 [[0.026913   0.02188427 0.02970095 0.03944043 0.04365107 0.07161953
  0.05317944 0.02559939 0.00299871 0.00435085]
 [0.09755963 0.03720327 0.0471721  0.04577908 0.01843045 0.02644413
  0.00949633 0.02108185 0.01526617 0.009295  ]
 [0.02579163 0.02516692 0.03756297 0.03028462 0.06984172 0.04737907
  0.01994229 0.02409354 0.01499356 0.01265702]
 [0.02579163 0.05033383 0.05678123 0.04577908 0.02231055 0.02644413
  0.04273348 0.05646924 0.00926874 0.01107489]
 [0.03924813 0.03720327 0.02970095 0.00845152 0.04365107 0.01432391
  0.06362541 0.06550432 0.01226746 0.01325032]
 [0.03700538 0.07002968 0.03843652 0.04507478 0.03298081 0.04627723
  0.02184156 0.02635231 0.01444834 0.00454862]
 [0.03924813 0.03720327 0.03931008 0.06338641 0.0446211  0.02534229
  0.04463275 0.03538739 0.123765   0.12755904]
 [0.02467025 0.03720327 0.03756297 0.03803185 0.040741   0.05839746
  0.06077651 0.06173971 0.12321978 0.13349202]]
Error rate for A:  0.6046374688006194
Error rate:
1.3185210967508389e-15
2.2481803663036653e-15
1.3893778017695346
1.3934617174351036
1.6464927407690857
1.291156150598565
2.478090860323865e-15
2.733355869994857e-15
3.2582461069470447e-15
5.876404321085631e-16

Running experiment 8...
15
A = 
 [[1.3100e+02 2.2000e+01 3.4000e+01 4.5000e+01 5.6000e+01 2.0000e+01
  3.4000e+01 5.6000e+01 2.4000e+01 6.5000e+01 2.1000e+01 4.3000e+01
  2.8300e+02 4.3800e+02 3.2500e+02]
 [5.6000e+01 4.7000e+01 2.8000e+01 1.9000e+01 1.0000e+02 3.4000e+01
  5.4000e+01 6.5000e+01 8.7000e+01 2.4000e+01 4.5300e+02 1.2300e+02
  4.3230e+03 9.8700e+02 2.3000e+01]
 [3.5500e+02 6.4000e+01 3.2000e+01 7.2000e+01 2.1000e+01 2.3000e+01
  4.3000e+01 4.3000e+01 2.3000e+01 4.3000e+01 3.2000e+01 4.3000e+01
  3.2000e+01 3.2000e+01 3.2000e+01]
 [3.3400e+02 5.6000e+01 7.5000e+01 2.0300e+02 4.5000e+01 4.6000e+01
  6.5000e+01 6.5000e+01 2.3000e+01 2.4000e+01 4.3000e+01 4.2000e+01
  3.2300e+02 2.3000e+01 3.2200e+02]
 [4.3500e+02 6.7000e+01 8.7000e+01 4.0500e+02 6.7000e+01 3.4000e+01
  3.4000e+01 1.2000e+01 3.5000e+01 1.3000e+01 4.2000e+01 2.4000e+01
  2.3000e+01 3.2000e+01 3.2100e+02]
 [5.3300e+02 2.3000e+01 3.5000e+01 3.0400e+02 2.3000e+01 6.4000e+01
  4.4000e+01 6.4000e+01 3.3000e+01 4.2000e+01 4.5000e+01 2.4000e+01
  2.3300e+02 1.3200e+02 2.3000e+01]
 [4.5400e+02 6.4500e+02 4.7000e+01 4.6000e+01 4.7000e+01 3.4000e+01
  4.5000e+01 9.0000e+01 3.5000e+01 2.3000e+01 3.5000e+01 3.5000e+01
  2.3200e+02 2.3000e+01 2.3320e+03]
 [4.5200e+02 6.7500e+02 8.2000e+01 4.2000e+01 6.4000e+01 3.4000e+01
  4.3000e+01 5.4000e+01 2.2000e+01 5.3000e+01 3.5000e+01 4.3000e+01
  3.2200e+02 4.3000e+01 2.1200e+02]
 [6.3500e+02 5.7000e+01 4.7000e+01 3.5000e+02 3.7000e+01 8.4000e+01
  7.4000e+01 6.2000e+01 5.5000e+01 5.3000e+01 4.3000e+01 2.4400e+02
  4.3000e+01 3.3000e+01 3.4200e+02]
 [3.3400e+02 4.5000e+01 4.3000e+01 4.5000e+01 4.5000e+01 5.4000e+01
  6.5000e+01 7.6000e+01 4.5000e+01 3.2000e+01 5.4600e+02 6.5000e+01
  2.1000e+01 3.2000e+01 4.2300e+02]
 [4.5450e+03 6.4550e+03 4.7400e+02 4.4600e+02 4.7200e+02 3.4300e+02
  4.2500e+02 9.2000e+02 3.3500e+02 2.3300e+02 3.4000e+01 3.6000e+01
  4.3400e+02 4.3400e+02 2.4300e+02]
 [4.5230e+03 6.3475e+04 1.8200e+02 1.4200e+02 4.6400e+02 3.4300e+02
  4.3300e+02 3.5400e+02 3.2200e+02 3.5300e+02 3.3500e+02 5.4300e+02
  2.1300e+02 3.2400e+02 2.4300e+02]]
sorted A = 
 [[4.5000e+01 3.4000e+01 2.8300e+02 3.2500e+02 2.4000e+01 4.3800e+02
  2.1000e+01 2.0000e+01 6.5000e+01 5.6000e+01 3.4000e+01 5.6000e+01
  4.3000e+01 1.3100e+02 2.2000e+01]
 [1.9000e+01 2.8000e+01 4.3230e+03 2.3000e+01 8.7000e+01 9.8700e+02
  4.5300e+02 3.4000e+01 2.4000e+01 6.5000e+01 5.4000e+01 1.0000e+02
  1.2300e+02 5.6000e+01 4.7000e+01]
 [7.2000e+01 3.2000e+01 3.2000e+01 3.2000e+01 2.3000e+01 3.2000e+01
  3.2000e+01 2.3000e+01 4.3000e+01 4.3000e+01 4.3000e+01 2.1000e+01
  4.3000e+01 3.5500e+02 6.4000e+01]
 [2.0300e+02 7.5000e+01 3.2300e+02 3.2200e+02 2.3000e+01 2.3000e+01
  4.3000e+01 4.6000e+01 2.4000e+01 6.5000e+01 6.5000e+01 4.5000e+01
  4.2000e+01 3.3400e+02 5.6000e+01]
 [4.0500e+02 8.7000e+01 2.3000e+01 3.2100e+02 3.5000e+01 3.2000e+01
  4.2000e+01 3.4000e+01 1.3000e+01 1.2000e+01 3.4000e+01 6.7000e+01
  2.4000e+01 4.3500e+02 6.7000e+01]
 [3.0400e+02 3.5000e+01 2.3300e+02 2.3000e+01 3.3000e+01 1.3200e+02
  4.5000e+01 6.4000e+01 4.2000e+01 6.4000e+01 4.4000e+01 2.3000e+01
  2.4000e+01 5.3300e+02 2.3000e+01]
 [4.6000e+01 4.7000e+01 2.3200e+02 2.3320e+03 3.5000e+01 2.3000e+01
  3.5000e+01 3.4000e+01 2.3000e+01 9.0000e+01 4.5000e+01 4.7000e+01
  3.5000e+01 4.5400e+02 6.4500e+02]
 [4.2000e+01 8.2000e+01 3.2200e+02 2.1200e+02 2.2000e+01 4.3000e+01
  3.5000e+01 3.4000e+01 5.3000e+01 5.4000e+01 4.3000e+01 6.4000e+01
  4.3000e+01 4.5200e+02 6.7500e+02]
 [3.5000e+02 4.7000e+01 4.3000e+01 3.4200e+02 5.5000e+01 3.3000e+01
  4.3000e+01 8.4000e+01 5.3000e+01 6.2000e+01 7.4000e+01 3.7000e+01
  2.4400e+02 6.3500e+02 5.7000e+01]
 [4.5000e+01 4.3000e+01 2.1000e+01 4.2300e+02 4.5000e+01 3.2000e+01
  5.4600e+02 5.4000e+01 3.2000e+01 7.6000e+01 6.5000e+01 4.5000e+01
  6.5000e+01 3.3400e+02 4.5000e+01]
 [4.4600e+02 4.7400e+02 4.3400e+02 2.4300e+02 3.3500e+02 4.3400e+02
  3.4000e+01 3.4300e+02 2.3300e+02 9.2000e+02 4.2500e+02 4.7200e+02
  3.6000e+01 4.5450e+03 6.4550e+03]
 [1.4200e+02 1.8200e+02 2.1300e+02 2.4300e+02 3.2200e+02 3.2400e+02
  3.3500e+02 3.4300e+02 3.5300e+02 3.5400e+02 4.3300e+02 4.6400e+02
  5.4300e+02 4.5230e+03 6.3475e+04]]
Estimated A = 
 [[3.00913487e-02 2.06128059e-02 1.02447799e-02 3.88619015e-02
  4.36593644e-02 2.30991338e-02 6.71348895e-02 3.39920949e-02
  2.91595197e-02 1.72917489e-01 6.78496868e-02 2.12364323e-02
  1.26201923e-02 1.02447799e-02 3.07129595e-04]
 [3.49274584e-02 3.39932049e-02 4.37944788e-03 6.93962526e-02
  6.66923789e-01 8.37343600e-02 4.75108449e-03 9.72332016e-02
  2.40137221e-02 3.89656534e-01 2.50521921e-02 8.96649363e-03
  2.72235577e-01 4.37944788e-03 6.56140498e-04]
 [2.31058571e-02 2.47808857e-02 2.77625714e-02 1.45732130e-02
  4.93674792e-03 2.21366699e-02 6.61020450e-03 3.39920949e-02
  2.74442539e-02 1.26332412e-02 4.48851775e-02 3.39782916e-02
  1.92307692e-02 2.77625714e-02 8.93467912e-04]
 [3.49274584e-02 4.37670695e-02 2.61202784e-02 3.12283137e-02
  4.98302993e-02 2.21366699e-02 6.65151828e-02 3.32015810e-02
  6.43224700e-02 9.08014212e-03 2.50521921e-02 9.57999056e-02
  2.58413462e-02 2.61202784e-02 7.81784423e-04]
 [6.44814616e-03 2.84744411e-02 3.40189255e-02 4.64954892e-02
  3.54828757e-03 3.36862368e-02 6.63086139e-02 1.89723320e-02
  7.46140652e-02 1.26332412e-02 1.35699374e-02 1.91127891e-01
  2.52403846e-02 3.40189255e-02 9.35349220e-04]
 [3.43901128e-02 4.80801842e-02 4.16829593e-02 1.59611381e-02
  3.59456958e-02 3.17613090e-02 4.75108449e-03 1.89723320e-02
  3.00171527e-02 5.21121200e-02 4.38413361e-02 1.43463898e-01
  2.70432692e-02 4.16829593e-02 3.21090031e-04]
 [4.83610962e-02 3.15097612e-02 3.55048096e-02 3.26162387e-02
  3.57914224e-02 3.36862368e-02 4.81718653e-01 2.76679842e-02
  4.03087479e-02 9.08014212e-03 2.40083507e-02 2.17083530e-02
  2.10336538e-02 3.55048096e-02 9.00448130e-03]
 [2.90166577e-02 3.09578848e-02 3.53484007e-02 4.44136017e-02
  4.96760259e-02 2.11742060e-02 4.37926048e-02 3.39920949e-02
  7.03259005e-02 1.69759179e-02 5.53235908e-02 1.98206701e-02
  2.10336538e-02 3.53484007e-02 9.42329438e-03]
 [3.33154218e-02 6.75892374e-02 4.96598107e-02 2.56766135e-02
  6.63375501e-03 5.29355149e-02 7.06465606e-02 1.92885375e-01
  4.03087479e-02 1.30280300e-02 5.53235908e-02 1.65172251e-01
  2.58413462e-02 4.96598107e-02 7.95744859e-04]
 [4.08382590e-02 4.82594325e-02 2.61202784e-02 3.12283137e-02
  3.23974082e-03 4.33108758e-02 8.73786408e-02 5.13833992e-02
  3.68782161e-02 1.26332412e-02 3.34029228e-02 2.12364323e-02
  3.28125000e-01 2.61202784e-02 6.28219626e-04]
 [4.94357872e-01 3.09883794e-01 3.55439118e-01 3.27550312e-01
  6.69546436e-02 3.22425409e-01 5.01962404e-02 2.84584980e-02
  4.06518010e-01 1.71338334e-01 2.43215031e-01 2.10476640e-01
  2.04326923e-02 3.55439118e-01 9.01146152e-02]
 [1.90220312e-01 3.12091299e-01 3.53718620e-01 3.21998612e-01
  3.28602283e-02 3.09913378e-01 5.01962404e-02 4.29249012e-01
  1.56089194e-01 1.27911567e-01 3.68475992e-01 6.70127419e-02
  2.01322115e-01 3.53718620e-01 8.86138683e-01]]
Estimated sorted A = 
 [[4.36593644e-02 6.71348895e-02 2.12364323e-02 1.72917489e-01
  2.91595197e-02 3.00913487e-02 1.26201923e-02 2.30991338e-02
  2.06128059e-02 3.88619015e-02 1.02447799e-02 1.02447799e-02
  6.78496868e-02 3.39920949e-02 3.07129595e-04]
 [6.66923789e-01 4.75108449e-03 8.96649363e-03 3.89656534e-01
  2.40137221e-02 3.49274584e-02 2.72235577e-01 8.37343600e-02
  3.39932049e-02 6.93962526e-02 4.37944788e-03 4.37944788e-03
  2.50521921e-02 9.72332016e-02 6.56140498e-04]
 [4.93674792e-03 6.61020450e-03 3.39782916e-02 1.26332412e-02
  2.74442539e-02 2.31058571e-02 1.92307692e-02 2.21366699e-02
  2.47808857e-02 1.45732130e-02 2.77625714e-02 2.77625714e-02
  4.48851775e-02 3.39920949e-02 8.93467912e-04]
 [4.98302993e-02 6.65151828e-02 9.57999056e-02 9.08014212e-03
  6.43224700e-02 3.49274584e-02 2.58413462e-02 2.21366699e-02
  4.37670695e-02 3.12283137e-02 2.61202784e-02 2.61202784e-02
  2.50521921e-02 3.32015810e-02 7.81784423e-04]
 [3.54828757e-03 6.63086139e-02 1.91127891e-01 1.26332412e-02
  7.46140652e-02 6.44814616e-03 2.52403846e-02 3.36862368e-02
  2.84744411e-02 4.64954892e-02 3.40189255e-02 3.40189255e-02
  1.35699374e-02 1.89723320e-02 9.35349220e-04]
 [3.59456958e-02 4.75108449e-03 1.43463898e-01 5.21121200e-02
  3.00171527e-02 3.43901128e-02 2.70432692e-02 3.17613090e-02
  4.80801842e-02 1.59611381e-02 4.16829593e-02 4.16829593e-02
  4.38413361e-02 1.89723320e-02 3.21090031e-04]
 [3.57914224e-02 4.81718653e-01 2.17083530e-02 9.08014212e-03
  4.03087479e-02 4.83610962e-02 2.10336538e-02 3.36862368e-02
  3.15097612e-02 3.26162387e-02 3.55048096e-02 3.55048096e-02
  2.40083507e-02 2.76679842e-02 9.00448130e-03]
 [4.96760259e-02 4.37926048e-02 1.98206701e-02 1.69759179e-02
  7.03259005e-02 2.90166577e-02 2.10336538e-02 2.11742060e-02
  3.09578848e-02 4.44136017e-02 3.53484007e-02 3.53484007e-02
  5.53235908e-02 3.39920949e-02 9.42329438e-03]
 [6.63375501e-03 7.06465606e-02 1.65172251e-01 1.30280300e-02
  4.03087479e-02 3.33154218e-02 2.58413462e-02 5.29355149e-02
  6.75892374e-02 2.56766135e-02 4.96598107e-02 4.96598107e-02
  5.53235908e-02 1.92885375e-01 7.95744859e-04]
 [3.23974082e-03 8.73786408e-02 2.12364323e-02 1.26332412e-02
  3.68782161e-02 4.08382590e-02 3.28125000e-01 4.33108758e-02
  4.82594325e-02 3.12283137e-02 2.61202784e-02 2.61202784e-02
  3.34029228e-02 5.13833992e-02 6.28219626e-04]
 [6.69546436e-02 5.01962404e-02 2.10476640e-01 1.71338334e-01
  4.06518010e-01 4.94357872e-01 2.04326923e-02 3.22425409e-01
  3.09883794e-01 3.27550312e-01 3.55439118e-01 3.55439118e-01
  2.43215031e-01 2.84584980e-02 9.01146152e-02]
 [3.28602283e-02 5.01962404e-02 6.70127419e-02 1.27911567e-01
  1.56089194e-01 1.90220312e-01 2.01322115e-01 3.09913378e-01
  3.12091299e-01 3.21998612e-01 3.53718620e-01 3.53718620e-01
  3.68475992e-01 4.29249012e-01 8.86138683e-01]]
Normalized sorted A = 
 [[6.13098547e-04 4.63230014e-04 3.85570864e-03 4.42793395e-03
  3.26985892e-04 5.96749253e-03 2.86112655e-04 2.72488243e-04
  8.85586791e-04 7.62967081e-04 4.63230014e-04 7.62967081e-04
  5.85849723e-04 1.78479799e-03 2.99737068e-04]
 [2.58863831e-04 3.81483541e-04 5.88983338e-02 3.13361480e-04
  1.18532386e-03 1.34472948e-02 6.17185871e-03 4.63230014e-04
  3.26985892e-04 8.85586791e-04 7.35718257e-04 1.36244122e-03
  1.67580270e-03 7.62967081e-04 6.40347372e-04]
 [9.80957676e-04 4.35981189e-04 4.35981189e-04 4.35981189e-04
  3.13361480e-04 4.35981189e-04 4.35981189e-04 3.13361480e-04
  5.85849723e-04 5.85849723e-04 5.85849723e-04 2.86112655e-04
  5.85849723e-04 4.83666632e-03 8.71962378e-04]
 [2.76575567e-03 1.02183091e-03 4.40068513e-03 4.38706072e-03
  3.13361480e-04 3.13361480e-04 5.85849723e-04 6.26722960e-04
  3.26985892e-04 8.85586791e-04 8.85586791e-04 6.13098547e-04
  5.72225311e-04 4.55055366e-03 7.62967081e-04]
 [5.51788693e-03 1.18532386e-03 3.13361480e-04 4.37343630e-03
  4.76854426e-04 4.35981189e-04 5.72225311e-04 4.63230014e-04
  1.77117358e-04 1.63492946e-04 4.63230014e-04 9.12835615e-04
  3.26985892e-04 5.92661929e-03 9.12835615e-04]
 [4.14182130e-03 4.76854426e-04 3.17448803e-03 3.13361480e-04
  4.49605601e-04 1.79842241e-03 6.13098547e-04 8.71962378e-04
  5.72225311e-04 8.71962378e-04 5.99474135e-04 3.13361480e-04
  3.26985892e-04 7.26181168e-03 3.13361480e-04]
 [6.26722960e-04 6.40347372e-04 3.16086362e-03 3.17721292e-02
  4.76854426e-04 3.13361480e-04 4.76854426e-04 4.63230014e-04
  3.13361480e-04 1.22619709e-03 6.13098547e-04 6.40347372e-04
  4.76854426e-04 6.18548312e-03 8.78774585e-03]
 [5.72225311e-04 1.11720180e-03 4.38706072e-03 2.88837538e-03
  2.99737068e-04 5.85849723e-04 4.76854426e-04 4.63230014e-04
  7.22093845e-04 7.35718257e-04 5.85849723e-04 8.71962378e-04
  5.85849723e-04 6.15823430e-03 9.19647821e-03]
 [4.76854426e-03 6.40347372e-04 5.85849723e-04 4.65954896e-03
  7.49342669e-04 4.49605601e-04 5.85849723e-04 1.14445062e-03
  7.22093845e-04 8.44713554e-04 1.00820650e-03 5.04103250e-04
  3.32435657e-03 8.65150172e-03 7.76591493e-04]
 [6.13098547e-04 5.85849723e-04 2.86112655e-04 5.76312634e-03
  6.13098547e-04 4.35981189e-04 7.43892904e-03 7.35718257e-04
  4.35981189e-04 1.03545532e-03 8.85586791e-04 6.13098547e-04
  8.85586791e-04 4.55055366e-03 6.13098547e-04]
 [6.07648782e-03 6.45797137e-03 5.91299488e-03 3.31073216e-03
  4.56417807e-03 5.91299488e-03 4.63230014e-04 4.67317337e-03
  3.17448803e-03 1.25344592e-02 5.79037517e-03 6.43072254e-03
  4.90478838e-04 6.19229533e-02 8.79455805e-02]
 [1.93466653e-03 2.47964301e-03 2.90199979e-03 3.31073216e-03
  4.38706072e-03 4.41430954e-03 4.56417807e-03 4.67317337e-03
  4.80941749e-03 4.82304191e-03 5.89937047e-03 6.32172724e-03
  7.39805580e-03 6.16232162e-02 8.64809562e-01]]
Normalized estimated sorted A = 
 [[1.12727994e-02 1.73341539e-02 5.48322324e-03 4.46471037e-02
  7.52895562e-03 7.76955283e-03 3.25851964e-03 5.96417070e-03
  5.32220360e-03 1.00340998e-02 2.64519078e-03 2.64519078e-03
  1.75187138e-02 8.77672115e-03 7.93005204e-05]
 [1.72198982e-01 1.22672474e-03 2.31513870e-03 1.00608884e-01
  6.20031639e-03 9.01823097e-03 7.02909237e-02 2.16201188e-02
  8.77700777e-03 1.79180354e-02 1.13076858e-03 1.13076858e-03
  6.46844818e-03 2.51055047e-02 1.69414748e-04]
 [1.27466283e-03 1.70674746e-03 8.77315718e-03 3.26188886e-03
  7.08607588e-03 5.96590664e-03 4.96536326e-03 5.71566358e-03
  6.39839718e-03 3.76278743e-03 7.16826510e-03 7.16826510e-03
  1.15893030e-02 8.77672115e-03 2.30692423e-04]
 [1.28661280e-02 1.71741464e-02 2.47354293e-02 2.34448262e-03
  1.66079903e-02 9.01823097e-03 6.67220689e-03 5.71566358e-03
  1.13006088e-02 8.06311592e-03 6.74422688e-03 6.74422688e-03
  6.46844818e-03 8.57261136e-03 2.01855870e-04]
 [9.16163910e-04 1.71208105e-02 4.93490091e-02 3.26188886e-03
  1.92652688e-02 1.66490418e-03 6.51703928e-03 8.69774893e-03
  7.35206909e-03 1.20050837e-02 8.78364879e-03 8.78364879e-03
  3.50374276e-03 4.89863506e-03 2.41506130e-04]
 [9.28113874e-03 1.22672474e-03 3.70422192e-02 1.34552915e-02
  7.75039549e-03 8.87948895e-03 6.98254209e-03 8.20073471e-03
  1.24142502e-02 4.12114814e-03 1.07624938e-02 1.07624938e-02
  1.13197843e-02 4.89863506e-03 8.29050895e-05]
 [9.24130553e-03 1.24379221e-01 5.60507264e-03 2.34448262e-03
  1.04076739e-02 1.24867813e-02 5.43086607e-03 8.69774893e-03
  8.13578536e-03 8.42147663e-03 9.16730241e-03 9.16730241e-03
  6.19892950e-03 7.14384280e-03 2.32494707e-03]
 [1.28262947e-02 1.13072019e-02 5.11767502e-03 4.38316315e-03
  1.81580694e-02 7.49206881e-03 5.43086607e-03 5.46715647e-03
  7.99329149e-03 1.14675426e-02 9.12691782e-03 9.12691782e-03
  1.42844897e-02 8.77672115e-03 2.43308415e-03]
 [1.71282818e-03 1.82408635e-02 4.26472918e-02 3.36382288e-03
  1.04076739e-02 8.60200492e-03 6.67220689e-03 1.36678912e-02
  1.74514660e-02 6.62967309e-03 1.28221080e-02 1.28221080e-02
  1.42844897e-02 4.98027898e-02 2.05460439e-04]
 [8.36497483e-04 2.25610680e-02 5.48322324e-03 3.26188886e-03
  9.52191446e-03 1.05443931e-02 8.47215107e-02 1.11828201e-02
  1.24605319e-02 8.06311592e-03 6.74422688e-03 6.74422688e-03
  8.62459757e-03 1.32671366e-02 1.62205610e-04]
 [1.72876146e-02 1.29606136e-02 5.43448347e-02 4.42393676e-02
  1.04962499e-01 1.27642654e-01 5.27569847e-03 8.32498826e-02
  8.00116515e-02 8.45731270e-02 9.17739856e-02 9.17739856e-02
  6.27978511e-02 7.34795259e-03 2.32674936e-02]
 [8.48447447e-03 1.29606136e-02 1.73026155e-02 3.30266247e-02
  4.03020565e-02 4.91146733e-02 5.19811467e-02 8.00192902e-02
  8.05816269e-02 8.31396841e-02 9.13297551e-02 9.13297551e-02
  9.51400919e-02 1.10831618e-01 2.28800024e-01]]
Error rate for A:  0.8933688170490537
Error rate:
1.8971939745563182
1.9828379932169926
1.1532634805172903
1.4757228377443614
1.2270437101483336
1.1472235893070193
0.06379235792785197
1.5481679886439093
1.2407120573422696
1.158611453173032
1.4749846732460519
1.7213250684548453
1.45369951725781
1.229400271013287
0.03514902148133572

