python data_generator.py
====== Step1: Generating data... ======
python cluster.py 
====== Step2: Clustering... ======
Running experiment 4...
A = 
 [[11. 22. 34. 45. 56. 20. 34. 56.]
 [56. 47. 28. 19. 10. 34. 54. 65.]
 [55. 64. 32. 72. 21. 23. 43. 43.]
 [34. 56. 75. 23. 45. 46. 65. 65.]
 [45. 67. 87. 45. 67. 34. 34. 12.]]
sorted A = 
 [[56. 20. 34. 45. 11. 56. 22. 34.]
 [65. 34. 54. 19. 56. 10. 47. 28.]
 [43. 23. 43. 72. 55. 21. 64. 32.]
 [65. 46. 65. 23. 34. 45. 56. 75.]
 [12. 34. 34. 45. 45. 67. 67. 87.]]
Estimated A = 
 [[0.14876635 0.16369972 0.16210719 0.17430653 0.16311875 0.14637961
  0.13672947 0.15935918]
 [0.20018276 0.16768491 0.17195089 0.17643738 0.19114426 0.159747
  0.18506979 0.21155588]
 [0.19735943 0.21735259 0.1785376  0.20153903 0.22512961 0.19067527
  0.22177345 0.19239271]
 [0.24117136 0.21901336 0.24793059 0.23236646 0.21928825 0.23860991
  0.2237205  0.25270589]
 [0.2125201  0.23224942 0.23947373 0.21535061 0.20131913 0.26458821
  0.23270678 0.18398635]]
Estimated sorted A = 
 [[0.15935918 0.16311875 0.14876635 0.17430653 0.16369972 0.13672947
  0.16210719 0.14637961]
 [0.21155588 0.19114426 0.20018276 0.17643738 0.16768491 0.18506979
  0.17195089 0.159747  ]
 [0.19239271 0.22512961 0.19735943 0.20153903 0.21735259 0.22177345
  0.1785376  0.19067527]
 [0.25270589 0.21928825 0.24117136 0.23236646 0.21901336 0.2237205
  0.24793059 0.23860991]
 [0.18398635 0.20131913 0.2125201  0.21535061 0.23224942 0.23270678
  0.23947373 0.26458821]]
Normalized sorted A = 
 [[0.08986553 0.03209483 0.05456122 0.07221337 0.01765216 0.08986553
  0.03530432 0.05456122]
 [0.10430821 0.05456122 0.08665605 0.03049009 0.08986553 0.01604742
  0.07542286 0.04493277]
 [0.06900389 0.03690906 0.06900389 0.1155414  0.08826079 0.03369957
  0.10270346 0.05135173]
 [0.10430821 0.07381812 0.10430821 0.03690906 0.05456122 0.07221337
  0.08986553 0.12035562]
 [0.0192569  0.05456122 0.05456122 0.07221337 0.07221337 0.10751769
  0.10751769 0.13961252]]
Normalized estimated sorted A = 
 [[0.05634198 0.05767119 0.05259685 0.06162667 0.05787659 0.04834117
  0.05731355 0.05175301]
 [0.0747963  0.0675797  0.07077529 0.06238003 0.05928557 0.06543205
  0.06079382 0.05647909]
 [0.0680211  0.07959534 0.06977709 0.07125481 0.07684574 0.07840875
  0.06312257 0.06741389]
 [0.08934502 0.0775301  0.08526695 0.08215395 0.07743292 0.07909714
  0.0876567  0.08436134]
 [0.065049   0.07117706 0.0751372  0.07613794 0.08211257 0.08227427
  0.08466675 0.09354606]]
Error rate for A:  0.359848149127162
Error rate:
1.2664916622315379
1.9185173399562825
2.117713275007129
1.744462686877983
1.3748508300069486
1.7688997765556682
1.9632444334595942
1.4650285120012763

