python data_generator.py
====== Step1: Generating data... ======
python cluster.py 
====== Step2: Clustering... ======
Running experiment 5...
A = 
 [[11. 22. 34. 45. 56. 20. 34. 56.]
 [56. 47. 28. 19. 10. 34. 54. 65.]
 [55. 64. 32. 72. 21. 23. 43. 43.]
 [34. 56. 75. 23. 45. 46. 65. 65.]
 [45. 67. 87. 45. 67. 34. 34. 12.]
 [32. 43. 24. 43. 24. 45. 12. 23.]]
sorted A = 
 [[34. 56. 56. 34. 11. 45. 22. 20.]
 [54. 65. 10. 28. 56. 19. 47. 34.]
 [43. 43. 21. 32. 55. 72. 64. 23.]
 [65. 65. 45. 75. 34. 23. 56. 46.]
 [34. 12. 67. 87. 45. 45. 67. 34.]
 [12. 23. 24. 24. 32. 43. 43. 45.]]
Estimated A = 
 [[0.13444119 0.13673344 0.15439219 0.13533372 0.12288715 0.16188916
  0.13022576 0.1350551 ]
 [0.14009682 0.14145585 0.15788924 0.16197153 0.16409404 0.14737211
  0.16116528 0.18418726]
 [0.16469373 0.18654381 0.17367458 0.16196292 0.18606135 0.15405498
  0.19515388 0.18133066]
 [0.21161835 0.19350801 0.2105123  0.21946315 0.19962625 0.22532566
  0.18674668 0.21219203]
 [0.22685976 0.2100142  0.18382989 0.19728236 0.2006338  0.2076362
  0.18681668 0.16677016]
 [0.12229015 0.13174468 0.1197018  0.12398634 0.12669741 0.1037219
  0.13989172 0.1204648 ]]
Estimated sorted A = 
 [[0.16188916 0.15439219 0.1350551  0.13444119 0.13533372 0.12288715
  0.13673344 0.13022576]
 [0.14737211 0.15788924 0.18418726 0.14009682 0.16197153 0.16409404
  0.14145585 0.16116528]
 [0.15405498 0.17367458 0.18133066 0.16469373 0.16196292 0.18606135
  0.18654381 0.19515388]
 [0.22532566 0.2105123  0.21219203 0.21161835 0.21946315 0.19962625
  0.19350801 0.18674668]
 [0.2076362  0.18382989 0.16677016 0.22685976 0.19728236 0.2006338
  0.2100142  0.18681668]
 [0.1037219  0.1197018  0.1204648  0.12229015 0.12398634 0.12669741
  0.13174468 0.13989172]]
Normalized sorted A = 
 [[0.04799254 0.07904654 0.07904654 0.04799254 0.015527   0.06351954
  0.031054   0.02823091]
 [0.07622345 0.09175045 0.01411545 0.03952327 0.07904654 0.02681936
  0.06634264 0.04799254]
 [0.06069645 0.06069645 0.02964245 0.04516945 0.077635   0.10163127
  0.09033891 0.03246555]
 [0.09175045 0.09175045 0.06351954 0.10586591 0.04799254 0.03246555
  0.07904654 0.06493109]
 [0.04799254 0.01693855 0.09457354 0.12280445 0.06351954 0.06351954
  0.09457354 0.04799254]
 [0.01693855 0.03246555 0.03387709 0.03387709 0.04516945 0.06069645
  0.06069645 0.06351954]]
Normalized estimated sorted A = 
 [[0.05723646 0.05458588 0.04774919 0.04753214 0.04784769 0.04344717
  0.04834257 0.04604176]
 [0.05210391 0.05582228 0.06512003 0.04953171 0.05726558 0.058016
  0.0500122  0.05698053]
 [0.05446666 0.06140324 0.06411007 0.05822803 0.05726254 0.06578262
  0.0659532  0.06899732]
 [0.07966465 0.07442734 0.07502121 0.07481838 0.07759194 0.07057854
  0.06841541 0.06602492]
 [0.07341048 0.06499368 0.05896215 0.08020704 0.06974985 0.07093476
  0.07425123 0.06604967]
 [0.03667123 0.04232098 0.04259074 0.0432361  0.04383579 0.0447943
  0.04657878 0.04945919]]
Error rate for A:  0.3715973129423644
Error rate:
1.3313663600220573
2.076609649382023
1.7320982005138184
1.7288982588242303
2.302400246237357
1.3265687722258082
1.9762248199859447
2.3615298596133676

