python data_generator.py
====== Step1: Generating data... ======
python cluster.py 
====== Step2: Clustering... ======
Running experiment 6...
A = 
 [[11. 22. 34. 45. 56. 20. 34. 56.]
 [56. 47. 28. 19. 10. 34. 54. 65.]
 [55. 64. 32. 72. 21. 23. 43. 43.]
 [34. 56. 75. 23. 45. 46. 65. 65.]
 [45. 67. 87. 45. 67. 34. 34. 12.]
 [32. 43. 24. 43. 24. 45. 12. 23.]]
sorted A = 
 [[34. 56. 56. 34. 11. 45. 22. 20.]
 [54. 65. 10. 28. 56. 19. 47. 34.]
 [43. 43. 21. 32. 55. 72. 64. 23.]
 [65. 65. 45. 75. 34. 23. 56. 46.]
 [34. 12. 67. 87. 45. 45. 67. 34.]
 [12. 23. 24. 24. 32. 43. 43. 45.]]
Estimated A = 
 [[0.14179323 0.12701491 0.14514975 0.1353386  0.15176413 0.13924492
  0.15190767 0.12676612]
 [0.14449859 0.16362976 0.16389508 0.1820963  0.16326921 0.13631444
  0.14825594 0.15672037]
 [0.15958516 0.17502427 0.19093017 0.17998614 0.16347587 0.17931576
  0.17721064 0.19448789]
 [0.21666378 0.2106954  0.19574859 0.21163545 0.21990685 0.19605863
  0.20219721 0.18893101]
 [0.21849101 0.20117756 0.17727587 0.17121853 0.18749312 0.21907481
  0.19700192 0.19824695]
 [0.11896823 0.12245808 0.12700055 0.11972498 0.11409081 0.12999143
  0.12342663 0.13484766]]
Estimated sorted A = 
 [[0.15176413 0.14179323 0.1353386  0.12701491 0.15190767 0.14514975
  0.13924492 0.12676612]
 [0.16326921 0.14449859 0.1820963  0.16362976 0.14825594 0.16389508
  0.13631444 0.15672037]
 [0.16347587 0.15958516 0.17998614 0.17502427 0.17721064 0.19093017
  0.17931576 0.19448789]
 [0.21990685 0.21666378 0.21163545 0.2106954  0.20219721 0.19574859
  0.19605863 0.18893101]
 [0.18749312 0.21849101 0.17121853 0.20117756 0.19700192 0.17727587
  0.21907481 0.19824695]
 [0.11409081 0.11896823 0.11972498 0.12245808 0.12342663 0.12700055
  0.12999143 0.13484766]]
Normalized sorted A = 
 [[0.04799254 0.07904654 0.07904654 0.04799254 0.015527   0.06351954
  0.031054   0.02823091]
 [0.07622345 0.09175045 0.01411545 0.03952327 0.07904654 0.02681936
  0.06634264 0.04799254]
 [0.06069645 0.06069645 0.02964245 0.04516945 0.077635   0.10163127
  0.09033891 0.03246555]
 [0.09175045 0.09175045 0.06351954 0.10586591 0.04799254 0.03246555
  0.07904654 0.06493109]
 [0.04799254 0.01693855 0.09457354 0.12280445 0.06351954 0.06351954
  0.09457354 0.04799254]
 [0.01693855 0.03246555 0.03387709 0.03387709 0.04516945 0.06069645
  0.06069645 0.06351954]]
Normalized estimated sorted A = 
 [[0.05365672 0.05013148 0.04784942 0.04490655 0.05370747 0.05131818
  0.04923051 0.04481859]
 [0.05772438 0.05108796 0.06438076 0.05785186 0.05241639 0.05794566
  0.04819443 0.05540902]
 [0.05779745 0.05642188 0.06363471 0.06188043 0.06265342 0.06750401
  0.06339769 0.06876185]
 [0.07774881 0.07660222 0.07482443 0.07449207 0.07148751 0.06920758
  0.06931719 0.0667972 ]
 [0.06628883 0.07724824 0.06053489 0.07112701 0.0696507  0.06267648
  0.07745464 0.07009088]
 [0.04033719 0.04206162 0.04232917 0.04329547 0.0436379  0.04490147
  0.04595891 0.04767585]]
Error rate for A:  0.3867753685323633
Error rate:
1.2707127547612052
1.7506346142851943
2.1029462704700244
1.5411946861789256
2.006428302323638
1.6737884343240563
1.7991883791784637
1.5384141997988119

